  B  H      L    D    FA fp32    FA bf16    fp32 TF    bf16 TF  bf16/fp32
-------------------------------------------------------------------------
 48  8   1024   32      0.173      0.138      297.9      374.5      1.26x
 48  8   2048   32      0.600      0.471      343.4      437.6      1.27x
 48  8   4096   32      2.304      1.810      358.0      455.6      1.27x
 48  8   8192   32      8.904      7.076      370.5      466.2      1.26x
 48  8   1024   64      0.199      0.144      516.8      715.0      1.38x
 48  8   2048   64      0.703      0.508      586.2      810.9      1.38x
 48  8   4096   64      2.817      2.040      585.5      808.6      1.38x
 48  8   8192   64     11.583      7.387      569.5      893.1      1.57x
