 B  H      L    D    FA fp32    FA bf16        ref    fp32 TF    bf16 TF     ref TF  bf16/fp32
----------------------------------------------------------------------------------------------------
 2  8   1024   32      0.020      0.021      0.102      105.2      102.8       21.1      0.98x
 2  8   2048   32      0.053      0.035      0.347      161.6      246.8       24.8      1.53x
 2  8   4096   32      0.181      0.111      1.456      189.9      310.4       23.6      1.64x
 2  8   8192   32      0.607      0.415      6.311      226.6      331.4       21.8      1.46x
 2  8   1024   64      0.023      0.023      0.105      190.6      190.6       40.7      1.00x
 2  8   2048   64      0.060      0.036      0.363      284.2      477.8       47.3      1.68x
 2  8   4096   64      0.209      0.113      1.498      328.2      606.5       45.9      1.85x
 2  8   8192   64      0.702      0.422      6.405      391.4      651.5       42.9      1.66x
 2  8   1024   96      0.027      0.021      0.118      241.9      314.2       54.8      1.30x
 2  8   2048   96      0.074      0.033      0.378      349.6      786.8       68.1      2.25x
 2  8   4096   96      0.258      0.098      1.530      400.2     1054.9       67.4      2.64x
 2  8   8192   96      0.856      0.370      6.549      481.4     1115.0       63.0      2.32x
 2  8   1024  128      0.031      0.023      0.123      279.5      381.4       69.8      1.36x
 2  8   2048  128      0.090      0.035      0.391      382.1      987.8       87.8      2.59x
 2  8   4096  128      0.317      0.101      1.587      433.7     1354.2       86.6      3.12x
 2  8   8192  128      1.059      0.386      6.674      519.3     1423.0       82.4      2.74x
