# Persistent vs non-persistent fwd, user workload (B=48, seqlen 1k-4k)
# GPU: NVIDIA B200, SMs=148
# pers   = StaticPersistentTileScheduler (default)
# non-p  = SingleTileScheduler (one CTA per tile)
# speedup = non-persistent_ms / persistent_ms; >1 means persistent wins
dtype   B   H     L    D  tiles  waves   pers ms  non-p ms   pers TF  non-p TF  speedup
---------------------------------------------------------------------------------------
 bf16  48   8  1024   64   3072     21     0.138     0.166     749.6     620.8   1.207x
 bf16  48   8  1024  128   3072     21     0.167     0.194    1233.3    1060.8   1.163x
 bf16  48   8  2048   64   6144     42     0.458     0.529     900.2     779.9   1.154x
 bf16  48   8  2048  128   6144     42     0.593     0.661    1389.6    1247.6   1.114x
 bf16  48   8  4096   64  12288     84     1.771     1.900     931.3     867.9   1.073x
 bf16  48   8  4096  128  12288     84     2.330     2.430    1415.7    1357.7   1.043x
 bf16  48  16  1024   64   6144     42     0.263     0.313     783.9     657.7   1.192x
 bf16  48  16  1024  128   6144     42     0.324     0.374    1271.9    1103.5   1.153x
 bf16  48  16  2048   64  12288     84     0.908     1.045     907.7     788.8   1.151x
 bf16  48  16  2048  128  12288     84     1.202     1.300    1372.5    1268.3   1.082x
 bf16  48  16  4096   64  24576    167     3.630     3.849     908.7     857.1   1.060x
 bf16  48  16  4096  128  24576    167     4.879     5.005    1352.1    1318.1   1.026x
 fp32  48   8  1024   64   3072     21     0.287     0.344     358.8     299.9   1.196x
 fp32  48   8  1024  128   3072     21     0.432     0.507     477.0     406.4   1.174x
 fp32  48   8  2048   64   6144     42     1.076     1.192     383.1     346.0   1.107x
 fp32  48   8  2048  128   6144     42     1.633     1.792     505.0     460.3   1.097x
 fp32  48   8  4096   64  12288     84     4.181     4.411     394.5     373.9   1.055x
 fp32  48   8  4096  128  12288     84     6.648     6.955     496.2     474.3   1.046x
 fp32  48  16  1024   64   6144     42     0.561     0.674     367.7     305.8   1.202x
 fp32  48  16  1024  128   6144     42     0.857     0.996     480.8     413.8   1.162x
 fp32  48  16  2048   64  12288     84     2.130     2.356     387.1     350.1   1.106x
 fp32  48  16  2048  128  12288     84     3.366     3.587     490.0     459.8   1.066x
 fp32  48  16  4096   64  24576    167     8.330     8.783     396.0     375.6   1.054x
 fp32  48  16  4096  128  24576    167    13.463    14.094     490.0     468.1   1.047x

# Additional sweep: H=4, D=32
 bf16  48   4  1024   32   1536     11     0.079     0.090     327.4     286.1   1.144x
 bf16  48   4  2048   32   3072     21     0.252     0.273     408.5     378.2   1.080x
 bf16  48   4  4096   32   6144     42     0.910     0.950     452.9     434.0   1.044x
 fp32  48   4  1024   32   1536     11     0.133     0.155     193.5     166.6   1.161x
 fp32  48   4  2048   32   3072     21     0.463     0.514     222.8     200.6   1.110x
 fp32  48   4  4096   32   6144     42     1.791     1.897     230.2     217.3   1.059x
