 B  H      L    D causal     FA4 ms     ref ms   FA4 TFLOPS   ref TFLOPS  speedup
------------------------------------------------------------------------------------------
 2  8   1024   32  False      0.020      0.103        104.8         20.8     5.04x
 2  8   1024   32   True      0.122      0.196          8.8          5.5     1.61x
 2  8   2048   32  False      0.053      0.350        161.2         24.6     6.57x
 2  8   2048   32   True      0.033      0.711        130.8          6.0    21.65x
 2  8   4096   32  False      0.183      1.459        188.2         23.6     7.99x
 2  8   4096   32   True      0.096      2.710        178.6          6.3    28.17x
 2  8   8192   32  False      0.609      6.332        225.7         21.7    10.40x
 2  8   8192   32   True      0.334     11.453        206.0          6.0    34.34x
 2  8   1024   64  False      0.023      0.107        190.6         40.2     4.74x
 2  8   1024   64   True      0.023      0.199         93.6         10.8     8.69x
 2  8   2048   64  False      0.062      0.365        278.1         47.1     5.91x
 2  8   2048   64   True      0.039      0.728        220.5         11.8    18.69x
 2  8   4096   64  False      0.214      1.503        321.7         45.7     7.04x
 2  8   4096   64   True      0.112      2.757        306.1         12.5    24.56x
 2  8   8192   64  False      0.706      6.431        389.3         42.7     9.11x
 2  8   8192   64   True      0.384     11.563        357.6         11.9    30.09x
 2  8   1024   96  False      0.027      0.118        241.3         54.7     4.41x
 2  8   1024   96   True      0.027      0.210        118.6         15.4     7.72x
 2  8   2048   96  False      0.075      0.381        342.2         67.7     5.06x
 2  8   2048   96   True      0.046      0.744        278.0         17.3    16.05x
 2  8   4096   96  False      0.262      1.534        393.2         67.2     5.85x
 2  8   4096   96   True      0.137      2.789        375.9         18.5    20.35x
 2  8   8192   96  False      0.861      6.503        479.0         63.4     7.55x
 2  8   8192   96   True      0.472     11.635        436.7         17.7    24.65x
 2  8   1024  128  False      0.033      0.124        264.1         69.3     3.81x
 2  8   1024  128   True      0.033      0.216        131.2         19.9     6.60x
 2  8   2048  128  False      0.091      0.393        378.4         87.4     4.33x
 2  8   2048  128   True      0.055      0.756        310.6         22.7    13.67x
 2  8   4096  128  False      0.319      1.560        430.8         88.1     4.89x
 2  8   4096  128   True      0.167      2.815        410.5         24.4    16.82x
 2  8   8192  128  False      1.060      6.569        518.5         83.7     6.20x
 2  8   8192  128   True      0.581     11.700        473.3         23.5    20.14x
