# CLC scheduler (FA_CLC=1) vs StaticPersistentTileScheduler (FA_CLC=0), fwd
# GPU: NVIDIA B200, SMs=148
# static = StaticPersistentTileScheduler (default)
# CLC    = SingleTileLPTScheduler in CLC mode (Blackwell HW dynamic)
# speedup = static_ms / CLC_ms; >1 means CLC wins
dtype   B   H     L    D  tiles  waves  static ms    CLC ms  static TF    CLC TF  speedup
-----------------------------------------------------------------------------------------
 bf16  48   4  1024   32   1536     11      0.079     0.079      328.2     325.8   0.993x
 bf16  48   4  1024   64   1536     11      0.080     0.078      644.5     656.9   1.019x
 bf16  48   4  2048   32   3072     21      0.252     0.254      408.8     406.0   0.993x
 bf16  48   4  2048   64   3072     21      0.247     0.246      835.6     838.0   1.003x
 bf16  48   4  4096   32   6144     42      0.911     0.921      452.8     447.6   0.989x
 bf16  48   4  4096   64   6144     42      0.872     0.881      945.3     936.5   0.991x
 bf16  48   8  1024   32   3072     21      0.137     0.137      374.8     375.7   1.002x
 bf16  48   8  1024   64   3072     21      0.138     0.137      745.4     752.9   1.010x
 bf16  48   8  2048   32   6144     42      0.471     0.476      437.7     433.0   0.989x
 bf16  48   8  2048   64   6144     42      0.460     0.463      895.7     890.1   0.994x
 bf16  48   8  4096   32  12288     84      1.808     1.828      456.0     451.1   0.989x
 bf16  48   8  4096   64  12288     84      1.746     1.767      944.3     933.3   0.988x
 bf16  48  16  1024   32   6144     42      0.253     0.254      408.0     405.4   0.994x
 bf16  48  16  1024   64   6144     42      0.252     0.252      818.6     816.5   0.997x
 bf16  48  16  2048   32  12288     84      0.934     0.941      441.5     438.4   0.993x
 bf16  48  16  2048   64  12288     84      0.904     0.918      912.0     898.7   0.985x
 bf16  48  16  4096   32  24576    167      3.603     3.635      457.8     453.7   0.991x
 bf16  48  16  4096   64  24576    167      3.447     3.550      957.0     929.3   0.971x
 fp32  48   4  1024   32   1536     11      0.133     0.129      193.6     199.8   1.032x
 fp32  48   4  1024   64   1536     11      0.157     0.152      328.8     339.3   1.032x
 fp32  48   4  2048   32   3072     21      0.463     0.454      222.9     227.2   1.019x
 fp32  48   4  2048   64   3072     21      0.545     0.535      378.6     385.1   1.017x
 fp32  48   4  4096   32   6144     42      1.791     1.754      230.3     235.0   1.021x
 fp32  48   4  4096   64   6144     42      2.103     2.069      392.1     398.6   1.017x
 fp32  48   8  1024   32   3072     21      0.244     0.240      210.8     215.1   1.020x
 fp32  48   8  1024   64   3072     21      0.287     0.282      359.0     365.5   1.018x
 fp32  48   8  2048   32   6144     42      0.913     0.895      225.7     230.3   1.021x
 fp32  48   8  2048   64   6144     42      1.076     1.057      383.3     390.2   1.018x
 fp32  48   8  4096   32  12288     84      3.560     3.488      231.6     236.4   1.021x
 fp32  48   8  4096   64  12288     84      4.186     4.120      394.0     400.3   1.016x
 fp32  48  16  1024   32   6144     42      0.476     0.465      216.5     221.7   1.024x
 fp32  48  16  1024   64   6144     42      0.561     0.549      367.6     375.8   1.022x
 fp32  48  16  2048   32  12288     84      1.808     1.771      228.0     232.8   1.021x
 fp32  48  16  2048   64  12288     84      2.130     2.094      387.2     393.9   1.017x
 fp32  48  16  4096   32  24576    167      7.077     6.927      233.0     238.1   1.022x
 fp32  48  16  4096   64  24576    167      8.318     8.181      396.6     403.2   1.017x
